3357fe
3357ff
335800
335801
335802
335803
335804
335805
335806
335807
335808
335809
33580a
335810
335811
335812
335813
335814
335815
335816
335817
335818
335819
33581a
33581b
33581c
33581d
33581e
33581f
335820
335821
335822
335823
335824
335825
335826
335827
335828
335829
33582a
33582b
33582c
33582d
335830
335831
335832
335833
335836
335837
335838
335839
33583a
33583b
33583c
33583d
33583e
33583f
335840
335841
335842
335843
335844
335845
335846
335847
335848
335849
33584a
33584b
335850
335854
335856
335857
335858
335860
335861
335862
335863
335864
335865
335867
335868
335869
33586a
33586b
33586c
33586d
33586e
33586f
335870
335871
335872
335873
335875
335876
335877
335878
335879
33587a
33587b
