99d111
99d112
99d113
99d114
99d115
99d116
99d117
99d118
99d119
99d11a
99d11b
99d11c
99d11d
99d11e
99d11f
99d120
99d121
99d122
99d124
99d125
99d130
99d131
99d132
99d133
99d134
99d135
99d136
99d137
99d138
99d139
99d13a
99d13b
99d13c
99d13d
99d13e
99d13f
99d140
99d141
99d142
99d143
99d144
99d145
99d146
99d147
99d148
99d149
99d14a
99d14e
99d14f
99d150
99d151
99d152
99d153
99d154
99d155
99d156
99d157
99d158
99d159
99d15a
99d15c
99d15d
99d15e
99d15f
99d160
99d161
99d162
99d163
99d165
99d166
99d167
99d168
99d169
99d16a
99d16b
99d16c
99d16d
99d16f
99d170
99d171
99d172
99d173
99d174
99d175
99d176
99d177
99d178
99d179
99d17a
99d17b
99d17d
99d17e
99d17f
99d180
99d181
99d182
99d183
99d184
99d185
99d186
