21631d
21631e
21631f
216320
216321
216322
216323
216324
216325
216330
216331
216332
216333
216334
216335
216336
216337
216338
216339
21633a
21633b
21633c
21633d
21633e
21633f
216340
216341
216342
216343
216344
216345
216346
216347
216348
216349
21634a
21634c
21634d
21634e
21634f
216350
216351
216352
216353
216354
216355
216356
216357
216358
216359
21635a
21635b
21635c
21635d
21635e
21635f
216360
216361
216362
216363
216364
216365
216366
216367
216368
216369
21636a
21636b
21636d
216370
216371
216372
216373
216374
216375
216377
216378
216379
21637a
216380
216382
216383
216384
216385
216386
216387
216388
216389
21638a
21638b
21638d
21638e
21638f
216390
216391
216392
216393
216394
216395
216396
