73810e
73810f
738110
738111
738112
738113
738114
738115
738116
738117
738118
738119
73811e
73811f
738120
738121
738122
738125
738126
738127
738128
738129
73812a
73812b
73812c
73812d
738130
738131
738132
738133
738134
738135
738136
738137
738138
738139
73813a
73813c
73813e
738140
738141
738143
738144
738145
738146
738147
738148
738149
73814a
73814b
73814c
73814d
73814e
73814f
738150
738151
738152
738153
738154
738155
738156
738157
738158
738159
73815a
73815b
73815c
73815d
73815e
73815f
738160
738161
738162
738163
738164
738165
738166
738167
738168
738169
738174
738175
738176
738177
738178
738179
73817a
73817b
73817c
73817d
73817e
73817f
738180
738181
738182
738183
738184
738185
738186
738187
