055d21
055d22
055d23
055d24
055d25
055d26
055d27
055d28
055d29
055d2a
055d2b
055d2d
055d2e
055d2f
055d30
055d31
055d32
055d33
055d35
055d36
055d37
055d38
055d39
055d3a
055d3b
055d3d
055d3e
055d3f
055d40
055d41
055d42
055d43
055d44
055d45
055d46
055d47
055d48
055d49
055d4a
055d4b
055d4c
055d4d
055d4e
055d50
055d51
055d52
055d53
055d54
055d55
055d56
055d57
055d58
055d59
055d5a
055d5b
055d5c
055d5d
055d5e
055d60
055d61
055d62
055d63
055d64
055d65
055d66
055d6a
055d6c
055d6e
055d6f
055d70
055d71
055d72
055d73
055d74
055d75
055d76
055d77
055d78
055d79
055d82
055d83
055d84
055d85
055d86
055d87
055d88
055d89
055d8a
055d8b
055d8c
055d8d
055d8f
055d90
055d91
055d92
055d93
055d94
055d95
055d96
055d97
