462721
462722
462723
462724
462725
462726
462727
462728
462729
46272a
46272c
46272d
46272e
46272f
462730
462731
462732
462733
462735
462736
462737
462739
462741
462742
462743
462744
462745
462746
462747
462748
462749
46274a
46274b
46274c
46274d
46274e
462750
462751
462752
462753
462754
462755
462756
462758
462759
46275a
46275b
46275c
46275d
46275e
46275f
462760
462761
462763
462764
462765
462766
462767
462768
462769
46276a
46276b
46276c
46276e
462770
462771
462772
462773
462774
462775
462776
462778
462779
46277a
46277b
46277c
46277d
46277e
46277f
462780
462781
462782
462783
462784
462785
462786
462787
462788
462789
46278b
46278d
46278e
46278f
462790
462791
462792
462793
462794
462795
462796
