483710
483711
483712
483713
483714
483716
483717
483718
483719
48371a
48371b
483721
483722
483723
483724
483725
483726
483727
483728
483729
48372d
48372f
483730
483731
483732
483733
483734
483735
483737
483738
483739
48373b
48373c
48373d
48373e
48373f
483740
483741
483742
483743
483744
483745
483746
483747
483748
483749
48374a
48374b
48374c
48374d
48374e
48374f
483750
483751
483752
483753
483754
483755
483756
483757
48375f
483760
483761
483763
483764
483765
483766
483767
483768
483769
48376a
48376b
48376c
48376d
48376e
483770
483771
483772
483773
483774
483775
483776
483777
483778
483779
48377a
48377b
48377c
48377d
48377e
48377f
483780
483781
483782
483783
483784
483785
483786
483787
483788
