9174ff
917500
917501
917502
917503
917504
917506
917507
917508
917509
91750a
91750b
91750c
91750d
91750e
91750f
917510
917511
917512
917513
917514
917515
917516
917517
917518
917519
91751a
91751b
917521
917522
917523
917524
917525
917526
917527
917528
91752a
91752b
91752c
91752d
91752e
91752f
917530
917531
917532
917533
917534
917535
917536
917537
917538
917539
91753d
91753e
91753f
917541
917542
917543
917544
917545
917546
917547
917548
917549
91754a
91754c
91754d
91754e
91754f
917550
917551
917552
917553
917554
917555
917556
917557
917558
917559
91755a
91755c
91755d
91755e
91755f
917560
917561
917562
917563
917564
917565
917567
917568
91756a
91756b
917571
917572
917573
917574
917575
917576
