185807
185808
185809
185812
185813
185814
185815
185816
185817
185818
185819
18581a
18581b
18581c
18581d
18581e
18581f
185820
185821
185822
185823
185824
185825
185826
185827
185828
185829
18582a
18582b
18582c
18582d
18582e
185830
185831
185832
185833
185834
185835
185836
185837
185838
185839
18583a
18583b
18583c
18583d
18583e
18583f
185840
185841
185842
185843
185844
185845
185846
185847
185848
185849
18584b
18584c
18584d
18584f
185850
185851
185852
185853
185854
185855
185856
185857
185858
185859
18585a
18585b
18585c
18585e
18585f
185860
185861
185862
185863
185864
185865
185866
185867
185868
185869
18586a
18586b
185870
185871
185872
185873
185875
185876
185877
185878
185879
18587a
18587b
