999312
999313
999314
999315
999316
999317
999318
999319
99931a
99931b
99931c
99931e
99931f
999321
999322
999323
999324
999325
999326
999327
999328
999329
99932b
99932c
99932d
99932e
99932f
999330
999331
999332
999333
999334
999335
999336
999337
999338
999339
99933a
99933b
99933c
99933d
99933e
99933f
999340
999341
999343
999344
999345
999346
999347
999348
999349
99934a
99934b
99934c
99934d
99934e
99934f
999350
999351
999352
999353
999355
999356
999357
999358
999359
99935a
99935c
99935d
99935e
999360
999361
999362
999363
999364
999365
999366
999367
999368
999369
99936a
99936b
999370
999371
999372
999373
999374
999375
999376
999377
999378
999379
99937a
99937b
999381
999382
999383
999384
999385
