3d5100
3d5101
3d5102
3d5103
3d5104
3d5105
3d5106
3d5107
3d5109
3d510a
3d510b
3d510c
3d510d
3d5111
3d5112
3d5113
3d5114
3d5115
3d5116
3d5117
3d5118
3d5119
3d511a
3d511b
3d511c
3d511d
3d511e
3d511f
3d5120
3d5122
3d5123
3d5124
3d5125
3d5126
3d512b
3d512c
3d512d
3d5130
3d5131
3d5132
3d5133
3d5134
3d5135
3d5136
3d5137
3d5138
3d5139
3d513a
3d513c
3d513e
3d513f
3d5140
3d5141
3d5142
3d5143
3d5144
3d5145
3d5146
3d5147
3d5149
3d514b
3d514c
3d514d
3d514e
3d5150
3d5151
3d5152
3d5153
3d5154
3d5155
3d5156
3d5157
3d5158
3d5159
3d515a
3d515b
3d515e
3d5162
3d5164
3d5165
3d5166
3d5167
3d5168
3d5169
3d516b
3d516c
3d516d
3d516e
3d516f
3d5170
3d5171
3d5172
3d5173
3d5174
3d5175
3d5176
3d5177
3d5178
3d5179
3d517a
