96d403
96d404
96d405
96d406
96d407
96d408
96d409
96d40a
96d40b
96d40c
96d40d
96d40e
96d40f
96d410
96d411
96d412
96d413
96d414
96d415
96d416
96d417
96d418
96d419
96d41a
96d41b
96d41c
96d41d
96d41e
96d41f
96d420
96d421
96d422
96d423
96d424
96d425
96d431
96d432
96d433
96d434
96d435
96d436
96d437
96d438
96d439
96d43b
96d440
96d441
96d442
96d443
96d444
96d445
96d446
96d447
96d448
96d449
96d44a
96d44b
96d44c
96d44d
96d44e
96d44f
96d450
96d451
96d452
96d453
96d454
96d455
96d456
96d458
96d459
96d45a
96d45b
96d45c
96d45d
96d45e
96d45f
96d460
96d461
96d462
96d463
96d464
96d465
96d466
96d467
96d468
96d469
96d46a
96d46b
96d46d
96d46e
96d46f
96d471
96d472
96d473
96d474
96d475
96d476
96d477
96d478
96d479
