433303
433304
433305
433306
433307
433308
433309
43330a
43330b
43330c
43330e
43330f
433310
433311
433312
433313
433314
433315
433316
433317
43331f
433320
433321
433322
433323
433324
433325
433326
433327
433328
433332
433333
433334
433335
433336
433337
433338
433339
43333b
43333c
43333d
43333e
43333f
433340
433341
433342
433343
433344
433345
433346
433347
433348
433349
43334a
43334b
43334c
43334d
43334e
43334f
433350
433351
433352
433353
433354
433355
433356
433357
433358
433359
43335a
43335b
43335c
43335d
43335e
43335f
433361
433362
433363
433364
433365
433366
433367
433368
433369
43336a
43336b
43336c
43336d
43336e
43336f
433370
433371
433372
433374
433375
433376
433377
433378
433379
43337a
