397812
397813
397814
397815
397816
397817
397818
397819
39781b
39781c
39781d
39781e
39781f
397820
397821
397822
397823
397824
397825
397826
397827
397828
397829
39782a
39782b
39782c
39782d
39782e
397830
397831
397832
397833
397834
397835
397836
397837
397838
397839
39783a
39783b
39783c
39783d
39783e
397840
397841
397842
397843
397844
397845
397846
397847
397848
397849
39784a
39784c
39784d
39784e
39784f
397850
397851
397852
397853
397854
397855
397856
397857
39785b
397860
397862
397863
397864
397865
397866
397867
397868
397869
39786a
39786b
39786c
39786e
39786f
397870
397871
397872
397873
397874
397875
397876
397877
397878
397879
39787b
39787d
39787f
397880
397881
397882
397883
397884
397885
